Vector Kr : 
86
155
134
28
124
3
227
7
113
59
145
54
16
20
91
42
159
225
202
39
131
229
4
64
27
181
160
205
66
131
115
190
175
206
83
62
254
72
15
122
139
127
7
222
9
245
10
118
180
184
157
200
154
220
173
1
122
5
209
89
167
134
79
29
217
168
22
112
98
74
56
14
207
209
73
129
93
83
118
27
44
229
203
128
161
44
135
216
32
125
100
43
198
134
97
212
21
254
246
23
106
100
196
121
237
147
92
143
48
200
93
168
28
98
196
116
91
127
106
185
169
61
180
29
229
254
205
170
220
144
162
76
199
51
44
213
42
133
247
105
146
68
5
5
9
88
98
26
244
174
69
61
98
136
250
219
151
165
64
93
48
229
213
227
179
5
139
226
118
162
169
32
28
235
10
91
128
96
201
169
126
82
18
88
134
158
242
191
22
119
40
166
155
93
138
5
59
120
172
182
58
101
160
249
199
177
124
199
118
36
192
219
121
172
14
151
150
71
165
240
138
127
107
147
65
61
189
106
54
251
70
51
194
184
253
110
182
241
95
133
117
111
120
40
135
73
187
19
227
38
118
121
138
148
236
67
12
167
6
227
137
51
95
196
13
217
250
37
118
53
238
38
156
92
176
33
191
192
63
96
81
235
192
71
65
161
224
39
8
252
100
38
129
199
73
227
1
35
254
244
Vector Kc : 
224
228
55
220
206
147
215
92
89
135
2
114
61
82
156
87
155
19
52
130
190
219
245
126
112
138
178
7
48
222
250
223
98
225
128
170
5
19
149
17
254
105
216
199
26
212
193
91
129
84
14
66
39
49
102
184
42
159
12
153
234
137
245
105
219
52
180
60
222
57
204
244
167
110
239
66
238
245
165
175
32
144
77
92
13
248
83
230
174
159
108
239
57
10
131
64
123
151
228
12
157
91
85
1
15
147
231
104
195
18
192
185
73
0
170
158
105
122
95
221
111
108
125
165
121
196
198
215
87
21
58
116
135
91
3
125
141
4
130
110
108
188
220
210
115
185
203
233
3
193
57
21
123
251
127
187
229
234
122
91
35
105
17
110
61
136
177
40
ITER_MAX : 
1
